name: C:\Users\scifi\Desktop\approximate-quilting-image-sequencer\.conda
channels:
  - nvidia
  - conda-forge
  - defaults
dependencies:
  - blas=1.0=mkl
  - bottleneck=1.3.7=py312he558020_0
  - bzip2=1.0.8=h2bbff1b_6
  - ca-certificates=2024.7.2=haa95532_0
  - cudatoolkit=11.8.0=hd77b12b_0
  - expat=2.6.3=h5da7b33_0
  - faiss=1.8.0=py312cuda118hf892f8d_1_cuda
  - faiss-gpu=1.8.0=hef1f8eb_1
  - filelock=3.13.1=py312haa95532_0
  - fsspec=2024.6.1=py312haa95532_0
  - intel-openmp=2023.1.0=h59b6b97_46320
  - jinja2=3.1.4=py312haa95532_0
  - libblas=3.9.0=1_h8933c1f_netlib
  - libcublas=11.11.3.6=0
  - libexpat=2.6.3=he0c23c2_0
  - libfaiss=1.8.0=cuda118h51f90d9_1_cuda
  - libffi=3.4.4=hd77b12b_1
  - liblapack=3.9.0=5_hd5c7e75_netlib
  - libsqlite=3.46.1=h2466b09_0
  - libuv=1.48.0=h827c3e9_0
  - libzlib=1.3.1=h2466b09_1
  - m2w64-gcc-libgfortran=5.3.0=6
  - m2w64-gcc-libs=5.3.0=7
  - m2w64-gcc-libs-core=5.3.0=7
  - m2w64-gmp=6.1.0=2
  - m2w64-libwinpthread-git=5.0.0.4634.697f757=2
  - markupsafe=2.1.3=py312h2bbff1b_0
  - mkl=2023.1.0=h6b88ed4_46358
  - mkl-service=2.4.0=py312h2bbff1b_1
  - mkl_fft=1.3.10=py312h827c3e9_0
  - mkl_random=1.2.7=py312h0158946_0
  - mpmath=1.3.0=py312haa95532_0
  - msys2-conda-epoch=20160418=1
  - networkx=3.3=py312haa95532_0
  - numexpr=2.8.7=py312h96b7d27_0
  - numpy=1.26.4=py312hfd52020_0
  - numpy-base=1.26.4=py312h4dde369_0
  - openssl=3.3.2=h2466b09_0
  - packaging=24.1=py312haa95532_0
  - pandas=2.2.2=py312h0158946_0
  - pip=24.2=py312haa95532_0
  - python=3.12.6=hce54a09_0_cpython
  - python-dateutil=2.9.0post0=py312haa95532_2
  - python-tzdata=2023.3=pyhd3eb1b0_0
  - python_abi=3.12=5_cp312
  - pytorch=2.3.0=cpu_py312h443c98c_1
  - pytz=2024.1=py312haa95532_0
  - setuptools=75.1.0=py312haa95532_0
  - six=1.16.0=pyhd3eb1b0_1
  - sqlite=3.45.3=h2bbff1b_0
  - sympy=1.13.2=py312haa95532_0
  - tbb=2021.8.0=h59b6b97_0
  - tk=8.6.13=h5226925_1
  - typing_extensions=4.11.0=py312haa95532_0
  - tzdata=2024a=h04d1e81_0
  - ucrt=10.0.20348.0=haa95532_0
  - vc=14.40=h2eaa2aa_1
  - vc14_runtime=14.40.33810=ha82c5b3_21
  - vs2015_runtime=14.40.33810=h3bf8584_21
  - wheel=0.44.0=py312haa95532_0
  - xz=5.4.6=h8cc25b3_1
  - pip:
    - absl-py==2.1.0
    - astunparse==1.6.3
    - certifi==2024.8.30
    - charset-normalizer==3.3.2
    - contourpy==1.3.0
    - cycler==0.12.1
    - flatbuffers==24.3.25
    - fonttools==4.54.1
    - gast==0.6.0
    - google-pasta==0.2.0
    - grpcio==1.66.1
    - h5py==3.12.1
    - idna==3.10
    - joblib==1.4.2
    - keras==3.5.0
    - kiwisolver==1.4.7
    - libclang==18.1.1
    - markdown==3.7
    - markdown-it-py==3.0.0
    - matplotlib==3.9.2
    - mdurl==0.1.2
    - ml-dtypes==0.4.1
    - namex==0.0.8
    - opencv-contrib-python==4.10.0.84
    - opt-einsum==3.4.0
    - optree==0.12.1
    - pathlib==1.0.1
    - pillow==10.4.0
    - protobuf==4.25.5
    - pygments==2.18.0
    - pyparsing==3.1.4
    - requests==2.32.3
    - rich==13.8.1
    - scikit-learn==1.5.2
    - scipy==1.14.1
    - tensorboard==2.17.1
    - tensorboard-data-server==0.7.2
    - tensorflow==2.17.0
    - tensorflow-intel==2.17.0
    - termcolor==2.4.0
    - threadpoolctl==3.5.0
    - urllib3==2.2.3
    - werkzeug==3.0.4
    - wrapt==1.16.0
prefix: C:\Users\scifi\Desktop\approximate-quilting-image-sequencer\.conda
